10
0 -0 0 0 0 0 0 0 0 0 0 0 0 0 0 0 0 0 0 0 0 0
9.61796e-21 -0.000157073 0 0 0 0 0 0 0 0 0 0 0 0 0 0 0 0 0 0 0 0
1.92335e-20 -0.000314108 0 0 0 0 0 0 0 0 0 0 0 0 0 0 0 0 0 0 0 0
2.88444e-20 -0.000471065 0 0 0 0 0 0 0 0 0 0 0 0 0 0 0 0 0 0 0 0
3.84481e-20 -0.000627905 0 0 0 0 0 0 0 0 0 0 0 0 0 0 0 0 0 0 0 0
4.80423e-20 -0.000784591 0 0 0 0 0 0 0 0 0 0 0 0 0 0 0 0 0 0 0 0
5.76247e-20 -0.000941083 0 0 0 0 0 0 0 0 0 0 0 0 0 0 0 0 0 0 0 0
6.71929e-20 -0.00109734 0 0 0 0 0 0 0 0 0 0 0 0 0 0 0 0 0 0 0 0
7.67445e-20 -0.00125333 0 0 0 0 0 0 0 0 0 0 0 0 0 0 0 0 0 0 0 0
8.62771e-20 -0.00140901 0 0 0 0 0 0 0 0 0 0 0 0 0 0 0 0 0 0 0 0
9.57885e-20 -0.00156434 0 0 0 0 0 0 0 0 0 0 0 0 0 0 0 0 0 0 0 0
1.05276e-19 -0.00171929 0 0 0 0 0 0 0 0 0 0 0 0 0 0 0 0 0 0 0 0
1.14738e-19 -0.00187381 0 0 0 0 0 0 0 0 0 0 0 0 0 0 0 0 0 0 0 0
1.24171e-19 -0.00202787 0 0 0 0 0 0 0 0 0 0 0 0 0 0 0 0 0 0 0 0
1.33574e-19 -0.00218143 0 0 0 0 0 0 0 0 0 0 0 0 0 0 0 0 0 0 0 0
1.42944e-19 -0.00233445 0 0 0 0 0 0 0 0 0 0 0 0 0 0 0 0 0 0 0 0
1.52279e-19 -0.0024869 0 0 0 0 0 0 0 0 0 0 0 0 0 0 0 0 0 0 0 0
1.61576e-19 -0.00263873 0 0 0 0 0 0 0 0 0 0 0 0 0 0 0 0 0 0 0 0
1.70833e-19 -0.00278991 0 0 0 0 0 0 0 0 0 0 0 0 0 0 0 0 0 0 0 0
1.80048e-19 -0.0029404 0 0 0 0 0 0 0 0 0 0 0 0 0 0 0 0 0 0 0 0
1.89218e-19 -0.00309017 0 0 0 0 0 0 0 0 0 0 0 0 0 0 0 0 0 0 0 0
1.98342e-19 -0.00323917 0 0 0 0 0 0 0 0 0 0 0 0 0 0 0 0 0 0 0 0
2.07417e-19 -0.00338738 0 0 0 0 0 0 0 0 0 0 0 0 0 0 0 0 0 0 0 0
2.16441e-19 -0.00353475 0 0 0 0 0 0 0 0 0 0 0 0 0 0 0 0 0 0 0 0
2.25411e-19 -0.00368125 0 0 0 0 0 0 0 0 0 0 0 0 0 0 0 0 0 0 0 0
2.34326e-19 -0.00382683 0 0 0 0 0 0 0 0 0 0 0 0 0 0 0 0 0 0 0 0
2.43183e-19 -0.00397148 0 0 0 0 0 0 0 0 0 0 0 0 0 0 0 0 0 0 0 0
2.5198e-19 -0.00411514 0 0 0 0 0 0 0 0 0 0 0 0 0 0 0 0 0 0 0 0
2.60715e-19 -0.00425779 0 0 0 0 0 0 0 0 0 0 0 0 0 0 0 0 0 0 0 0
2.69385e-19 -0.00439939 0 0 0 0 0 0 0 0 0 0 0 0 0 0 0 0 0 0 0 0
2.77989e-19 -0.0045399 0 0 0 0 0 0 0 0 0 0 0 0 0 0 0 0 0 0 0 0
2.86524e-19 -0.0046793 0 0 0 0 0 0 0 0 0 0 0 0 0 0 0 0 0 0 0 0
2.94989e-19 -0.00481754 0 0 0 0 0 0 0 0 0 0 0 0 0 0 0 0 0 0 0 0
3.03381e-19 -0.00495459 0 0 0 0 0 0 0 0 0 0 0 0 0 0 0 0 0 0 0 0
3.11698e-19 -0.00509041 0 0 0 0 0 0 0 0 0 0 0 0 0 0 0 0 0 0 0 0
3.19938e-19 -0.00522499 0 0 0 0 0 0 0 0 0 0 0 0 0 0 0 0 0 0 0 0
3.28099e-19 -0.00535827 0 0 0 0 0 0 0 0 0 0 0 0 0 0 0 0 0 0 0 0
3.3618e-19 -0.00549023 0 0 0 0 0 0 0 0 0 0 0 0 0 0 0 0 0 0 0 0
3.44177e-19 -0.00562083 0 0 0 0 0 0 0 0 0 0 0 0 0 0 0 0 0 0 0 0
3.52089e-19 -0.00575005 0 0 0 0 0 0 0 0 0 0 0 0 0 0 0 0 0 0 0 0
3.59915e-19 -0.00587785 0 0 0 0 0 0 0 0 0 0 0 0 0 0 0 0 0 0 0 0
3.67651e-19 -0.0060042 0 0 0 0 0 0 0 0 0 0 0 0 0 0 0 0 0 0 0 0
3.75297e-19 -0.00612907 0 0 0 0 0 0 0 0 0 0 0 0 0 0 0 0 0 0 0 0
3.82851e-19 -0.00625243 0 0 0 0 0 0 0 0 0 0 0 0 0 0 0 0 0 0 0 0
3.9031e-19 -0.00637424 0 0 0 0 0 0 0 0 0 0 0 0 0 0 0 0 0 0 0 0
3.97672e-19 -0.00649448 0 0 0 0 0 0 0 0 0 0 0 0 0 0 0 0 0 0 0 0
4.04937e-19 -0.00661312 0 0 0 0 0 0 0 0 0 0 0 0 0 0 0 0 0 0 0 0
4.12101e-19 -0.00673013 0 0 0 0 0 0 0 0 0 0 0 0 0 0 0 0 0 0 0 0
4.19164e-19 -0.00684547 0 0 0 0 0 0 0 0 0 0 0 0 0 0 0 0 0 0 0 0
4.26124e-19 -0.00695913 0 0 0 0 0 0 0 0 0 0 0 0 0 0 0 0 0 0 0 0
4.32978e-19 -0.00707107 0 0 0 0 0 0 0 0 0 0 0 0 0 0 0 0 0 0 0 0
4.39726e-19 -0.00718126 0 0 0 0 0 0 0 0 0 0 0 0 0 0 0 0 0 0 0 0
4.46365e-19 -0.00728969 0 0 0 0 0 0 0 0 0 0 0 0 0 0 0 0 0 0 0 0
4.52893e-19 -0.00739631 0 0 0 0 0 0 0 0 0 0 0 0 0 0 0 0 0 0 0 0
4.59311e-19 -0.00750111 0 0 0 0 0 0 0 0 0 0 0 0 0 0 0 0 0 0 0 0
4.65614e-19 -0.00760406 0 0 0 0 0 0 0 0 0 0 0 0 0 0 0 0 0 0 0 0
4.71803e-19 -0.00770513 0 0 0 0 0 0 0 0 0 0 0 0 0 0 0 0 0 0 0 0
4.77876e-19 -0.0078043 0 0 0 0 0 0 0 0 0 0 0 0 0 0 0 0 0 0 0 0
4.8383e-19 -0.00790155 0 0 0 0 0 0 0 0 0 0 0 0 0 0 0 0 0 0 0 0
4.89666e-19 -0.00799685 0 0 0 0 0 0 0 0 0 0 0 0 0 0 0 0 0 0 0 0
4.9538e-19 -0.00809017 0 0 0 0 0 0 0 0 0 0 0 0 0 0 0 0 0 0 0 0
5.00972e-19 -0.0081815 0 0 0 0 0 0 0 0 0 0 0 0 0 0 0 0 0 0 0 0
5.06441e-19 -0.00827081 0 0 0 0 0 0 0 0 0 0 0 0 0 0 0 0 0 0 0 0
5.11784e-19 -0.00835807 0 0 0 0 0 0 0 0 0 0 0 0 0 0 0 0 0 0 0 0
5.17002e-19 -0.00844328 0 0 0 0 0 0 0 0 0 0 0 0 0 0 0 0 0 0 0 0
5.22092e-19 -0.0085264 0 0 0 0 0 0 0 0 0 0 0 0 0 0 0 0 0 0 0 0
5.27052e-19 -0.00860742 0 0 0 0 0 0 0 0 0 0 0 0 0 0 0 0 0 0 0 0
5.31883e-19 -0.00868632 0 0 0 0 0 0 0 0 0 0 0 0 0 0 0 0 0 0 0 0
5.36583e-19 -0.00876307 0 0 0 0 0 0 0 0 0 0 0 0 0 0 0 0 0 0 0 0
5.4115e-19 -0.00883766 0 0 0 0 0 0 0 0 0 0 0 0 0 0 0 0 0 0 0 0
5.45584e-19 -0.00891007 0 0 0 0 0 0 0 0 0 0 0 0 0 0 0 0 0 0 0 0
5.49883e-19 -0.00898028 0 0 0 0 0 0 0 0 0 0 0 0 0 0 0 0 0 0 0 0
5.54047e-19 -0.00904827 0 0 0 0 0 0 0 0 0 0 0 0 0 0 0 0 0 0 0 0
5.58074e-19 -0.00911403 0 0 0 0 0 0 0 0 0 0 0 0 0 0 0 0 0 0 0 0
5.61963e-19 -0.00917755 0 0 0 0 0 0 0 0 0 0 0 0 0 0 0 0 0 0 0 0
5.65713e-19 -0.0092388 0 0 0 0 0 0 0 0 0 0 0 0 0 0 0 0 0 0 0 0
5.69324e-19 -0.00929776 0 0 0 0 0 0 0 0 0 0 0 0 0 0 0 0 0 0 0 0
5.72794e-19 -0.00935444 0 0 0 0 0 0 0 0 0 0 0 0 0 0 0 0 0 0 0 0
5.76123e-19 -0.00940881 0 0 0 0 0 0 0 0 0 0 0 0 0 0 0 0 0 0 0 0
5.7931e-19 -0.00946085 0 0 0 0 0 0 0 0 0 0 0 0 0 0 0 0 0 0 0 0
5.82354e-19 -0.00951057 0 0 0 0 0 0 0 0 0 0 0 0 0 0 0 0 0 0 0 0
5.85254e-19 -0.00955793 0 0 0 0 0 0 0 0 0 0 0 0 0 0 0 0 0 0 0 0
5.8801e-19 -0.00960294 0 0 0 0 0 0 0 0 0 0 0 0 0 0 0 0 0 0 0 0
5.90621e-19 -0.00964557 0 0 0 0 0 0 0 0 0 0 0 0 0 0 0 0 0 0 0 0
5.93086e-19 -0.00968583 0 0 0 0 0 0 0 0 0 0 0 0 0 0 0 0 0 0 0 0
5.95405e-19 -0.0097237 0 0 0 0 0 0 0 0 0 0 0 0 0 0 0 0 0 0 0 0
5.97577e-19 -0.00975917 0 0 0 0 0 0 0 0 0 0 0 0 0 0 0 0 0 0 0 0
5.99601e-19 -0.00979223 0 0 0 0 0 0 0 0 0 0 0 0 0 0 0 0 0 0 0 0
6.01477e-19 -0.00982287 0 0 0 0 0 0 0 0 0 0 0 0 0 0 0 0 0 0 0 0
6.03205e-19 -0.00985109 0 0 0 0 0 0 0 0 0 0 0 0 0 0 0 0 0 0 0 0
6.04785e-19 -0.00987688 0 0 0 0 0 0 0 0 0 0 0 0 0 0 0 0 0 0 0 0
6.06215e-19 -0.00990024 0 0 0 0 0 0 0 0 0 0 0 0 0 0 0 0 0 0 0 0
6.07495e-19 -0.00992115 0 0 0 0 0 0 0 0 0 0 0 0 0 0 0 0 0 0 0 0
6.08626e-19 -0.00993961 0 0 0 0 0 0 0 0 0 0 0 0 0 0 0 0 0 0 0 0
6.09606e-19 -0.00995562 0 0 0 0 0 0 0 0 0 0 0 0 0 0 0 0 0 0 0 0
6.10436e-19 -0.00996917 0 0 0 0 0 0 0 0 0 0 0 0 0 0 0 0 0 0 0 0
6.11115e-19 -0.00998027 0 0 0 0 0 0 0 0 0 0 0 0 0 0 0 0 0 0 0 0
6.11644e-19 -0.0099889 0 0 0 0 0 0 0 0 0 0 0 0 0 0 0 0 0 0 0 0
6.12021e-19 -0.00999507 0 0 0 0 0 0 0 0 0 0 0 0 0 0 0 0 0 0 0 0
6.12248e-19 -0.00999877 0 0 0 0 0 0 0 0 0 0 0 0 0 0 0 0 0 0 0 0
6.12323e-19 -0.01 0 0 0 0 0 0 0 0 0 0 0 0 0 0 0 0 0 0 0 0
6.12323e-19 -0.01 0 0 0 0 0 0 0 0 0 0 0 0 0 0 0 0 0 0 0 0
6.12323e-19 -0.01 0 0 0 0 0 0 0 0 0 0 0 0 0 0 0 0 0 0 0 0
6.12323e-19 -0.01 0 0 0 0 0 0 0 0 0 0 0 0 0 0 0 0 0 0 0 0
6.12323e-19 -0.01 0 0 0 0 0 0 0 0 0 0 0 0 0 0 0 0 0 0 0 0
6.12323e-19 -0.01 0 0 0 0 0 0 0 0 0 0 0 0 0 0 0 0 0 0 0 0
6.12323e-19 -0.01 0 0 0 0 0 0 0 0 0 0 0 0 0 0 0 0 0 0 0 0
6.12323e-19 -0.01 0 0 0 0 0 0 0 0 0 0 0 0 0 0 0 0 0 0 0 0
6.12323e-19 -0.01 0 0 0 0 0 0 0 0 0 0 0 0 0 0 0 0 0 0 0 0
6.12323e-19 -0.01 0 0 0 0 0 0 0 0 0 0 0 0 0 0 0 0 0 0 0 0
6.12323e-19 -0.01 0 0 0 0 0 0 0 0 0 0 0 0 0 0 0 0 0 0 0 0
6.12323e-19 -0.01 0 0 0 0 0 0 0 0 0 0 0 0 0 0 0 0 0 0 0 0
6.12323e-19 -0.01 0 0 0 0 0 0 0 0 0 0 0 0 0 0 0 0 0 0 0 0
6.12323e-19 -0.01 0 0 0 0 0 0 0 0 0 0 0 0 0 0 0 0 0 0 0 0
6.12323e-19 -0.01 0 0 0 0 0 0 0 0 0 0 0 0 0 0 0 0 0 0 0 0
6.12323e-19 -0.01 0 0 0 0 0 0 0 0 0 0 0 0 0 0 0 0 0 0 0 0
6.12323e-19 -0.01 0 0 0 0 0 0 0 0 0 0 0 0 0 0 0 0 0 0 0 0
6.12323e-19 -0.01 0 0 0 0 0 0 0 0 0 0 0 0 0 0 0 0 0 0 0 0
6.12323e-19 -0.01 0 0 0 0 0 0 0 0 0 0 0 0 0 0 0 0 0 0 0 0
6.12323e-19 -0.01 0 0 0 0 0 0 0 0 0 0 0 0 0 0 0 0 0 0 0 0
6.12323e-19 -0.01 0 0 0 0 0 0 0 0 0 0 0 0 0 0 0 0 0 0 0 0
6.12323e-19 -0.01 0 0 0 0 0 0 0 0 0 0 0 0 0 0 0 0 0 0 0 0
6.12323e-19 -0.01 0 0 0 0 0 0 0 0 0 0 0 0 0 0 0 0 0 0 0 0
6.12323e-19 -0.01 0 0 0 0 0 0 0 0 0 0 0 0 0 0 0 0 0 0 0 0
6.12323e-19 -0.01 0 0 0 0 0 0 0 0 0 0 0 0 0 0 0 0 0 0 0 0
6.12323e-19 -0.01 0 0 0 0 0 0 0 0 0 0 0 0 0 0 0 0 0 0 0 0
6.12323e-19 -0.01 0 0 0 0 0 0 0 0 0 0 0 0 0 0 0 0 0 0 0 0
6.12323e-19 -0.01 0 0 0 0 0 0 0 0 0 0 0 0 0 0 0 0 0 0 0 0
6.12323e-19 -0.01 0 0 0 0 0 0 0 0 0 0 0 0 0 0 0 0 0 0 0 0
6.12323e-19 -0.01 0 0 0 0 0 0 0 0 0 0 0 0 0 0 0 0 0 0 0 0
6.12323e-19 -0.01 0 0 0 0 0 0 0 0 0 0 0 0 0 0 0 0 0 0 0 0
6.12323e-19 -0.01 0 0 0 0 0 0 0 0 0 0 0 0 0 0 0 0 0 0 0 0
6.12323e-19 -0.01 0 0 0 0 0 0 0 0 0 0 0 0 0 0 0 0 0 0 0 0
6.12323e-19 -0.01 0 0 0 0 0 0 0 0 0 0 0 0 0 0 0 0 0 0 0 0
6.12323e-19 -0.01 0 0 0 0 0 0 0 0 0 0 0 0 0 0 0 0 0 0 0 0
6.12323e-19 -0.01 0 0 0 0 0 0 0 0 0 0 0 0 0 0 0 0 0 0 0 0
6.12323e-19 -0.01 0 0 0 0 0 0 0 0 0 0 0 0 0 0 0 0 0 0 0 0
6.12323e-19 -0.01 0 0 0 0 0 0 0 0 0 0 0 0 0 0 0 0 0 0 0 0
6.12323e-19 -0.01 0 0 0 0 0 0 0 0 0 0 0 0 0 0 0 0 0 0 0 0
6.12323e-19 -0.01 0 0 0 0 0 0 0 0 0 0 0 0 0 0 0 0 0 0 0 0
6.12323e-19 -0.01 0 0 0 0 0 0 0 0 0 0 0 0 0 0 0 0 0 0 0 0
6.12323e-19 -0.01 0 0 0 0 0 0 0 0 0 0 0 0 0 0 0 0 0 0 0 0
6.12323e-19 -0.01 0 0 0 0 0 0 0 0 0 0 0 0 0 0 0 0 0 0 0 0
6.12323e-19 -0.01 0 0 0 0 0 0 0 0 0 0 0 0 0 0 0 0 0 0 0 0
6.12323e-19 -0.01 0 0 0 0 0 0 0 0 0 0 0 0 0 0 0 0 0 0 0 0
6.12323e-19 -0.01 0 0 0 0 0 0 0 0 0 0 0 0 0 0 0 0 0 0 0 0
6.12323e-19 -0.01 0 0 0 0 0 0 0 0 0 0 0 0 0 0 0 0 0 0 0 0
6.12323e-19 -0.01 0 0 0 0 0 0 0 0 0 0 0 0 0 0 0 0 0 0 0 0
6.12323e-19 -0.01 0 0 0 0 0 0 0 0 0 0 0 0 0 0 0 0 0 0 0 0
6.12323e-19 -0.01 0 0 0 0 0 0 0 0 0 0 0 0 0 0 0 0 0 0 0 0
6.12323e-19 -0.01 0 0 0 0 0 0 0 0 0 0 0 0 0 0 0 0 0 0 0 0
6.12323e-19 -0.01 0 0 0 0 0 0 0 0 0 0 0 0 0 0 0 0 0 0 0 0
6.12323e-19 -0.01 0 0 0 0 0 0 0 0 0 0 0 0 0 0 0 0 0 0 0 0
6.12323e-19 -0.01 0 0 0 0 0 0 0 0 0 0 0 0 0 0 0 0 0 0 0 0
6.12323e-19 -0.01 0 0 0 0 0 0 0 0 0 0 0 0 0 0 0 0 0 0 0 0
6.12323e-19 -0.01 0 0 0 0 0 0 0 0 0 0 0 0 0 0 0 0 0 0 0 0
6.12323e-19 -0.01 0 0 0 0 0 0 0 0 0 0 0 0 0 0 0 0 0 0 0 0
6.12323e-19 -0.01 0 0 0 0 0 0 0 0 0 0 0 0 0 0 0 0 0 0 0 0
6.12323e-19 -0.01 0 0 0 0 0 0 0 0 0 0 0 0 0 0 0 0 0 0 0 0
6.12323e-19 -0.01 0 0 0 0 0 0 0 0 0 0 0 0 0 0 0 0 0 0 0 0
6.12323e-19 -0.01 0 0 0 0 0 0 0 0 0 0 0 0 0 0 0 0 0 0 0 0
6.12323e-19 -0.01 0 0 0 0 0 0 0 0 0 0 0 0 0 0 0 0 0 0 0 0
6.12323e-19 -0.01 0 0 0 0 0 0 0 0 0 0 0 0 0 0 0 0 0 0 0 0
6.12323e-19 -0.01 0 0 0 0 0 0 0 0 0 0 0 0 0 0 0 0 0 0 0 0
6.12323e-19 -0.01 0 0 0 0 0 0 0 0 0 0 0 0 0 0 0 0 0 0 0 0
6.12323e-19 -0.01 0 0 0 0 0 0 0 0 0 0 0 0 0 0 0 0 0 0 0 0
6.12323e-19 -0.01 0 0 0 0 0 0 0 0 0 0 0 0 0 0 0 0 0 0 0 0
6.12323e-19 -0.01 0 0 0 0 0 0 0 0 0 0 0 0 0 0 0 0 0 0 0 0
6.12323e-19 -0.01 0 0 0 0 0 0 0 0 0 0 0 0 0 0 0 0 0 0 0 0
6.12323e-19 -0.01 0 0 0 0 0 0 0 0 0 0 0 0 0 0 0 0 0 0 0 0
6.12323e-19 -0.01 0 0 0 0 0 0 0 0 0 0 0 0 0 0 0 0 0 0 0 0
6.12323e-19 -0.01 0 0 0 0 0 0 0 0 0 0 0 0 0 0 0 0 0 0 0 0
6.12323e-19 -0.01 0 0 0 0 0 0 0 0 0 0 0 0 0 0 0 0 0 0 0 0
6.12323e-19 -0.01 0 0 0 0 0 0 0 0 0 0 0 0 0 0 0 0 0 0 0 0
6.12323e-19 -0.01 0 0 0 0 0 0 0 0 0 0 0 0 0 0 0 0 0 0 0 0
6.12323e-19 -0.01 0 0 0 0 0 0 0 0 0 0 0 0 0 0 0 0 0 0 0 0
6.12323e-19 -0.01 0 0 0 0 0 0 0 0 0 0 0 0 0 0 0 0 0 0 0 0
6.12323e-19 -0.01 0 0 0 0 0 0 0 0 0 0 0 0 0 0 0 0 0 0 0 0
6.12323e-19 -0.01 0 0 0 0 0 0 0 0 0 0 0 0 0 0 0 0 0 0 0 0
6.12323e-19 -0.01 0 0 0 0 0 0 0 0 0 0 0 0 0 0 0 0 0 0 0 0
6.12323e-19 -0.01 0 0 0 0 0 0 0 0 0 0 0 0 0 0 0 0 0 0 0 0
6.12323e-19 -0.01 0 0 0 0 0 0 0 0 0 0 0 0 0 0 0 0 0 0 0 0
6.12323e-19 -0.01 0 0 0 0 0 0 0 0 0 0 0 0 0 0 0 0 0 0 0 0
6.12323e-19 -0.01 0 0 0 0 0 0 0 0 0 0 0 0 0 0 0 0 0 0 0 0
6.12323e-19 -0.01 0 0 0 0 0 0 0 0 0 0 0 0 0 0 0 0 0 0 0 0
6.12323e-19 -0.01 0 0 0 0 0 0 0 0 0 0 0 0 0 0 0 0 0 0 0 0
6.12323e-19 -0.01 0 0 0 0 0 0 0 0 0 0 0 0 0 0 0 0 0 0 0 0
6.12323e-19 -0.01 0 0 0 0 0 0 0 0 0 0 0 0 0 0 0 0 0 0 0 0
6.12323e-19 -0.01 0 0 0 0 0 0 0 0 0 0 0 0 0 0 0 0 0 0 0 0
6.12323e-19 -0.01 0 0 0 0 0 0 0 0 0 0 0 0 0 0 0 0 0 0 0 0
6.12323e-19 -0.01 0 0 0 0 0 0 0 0 0 0 0 0 0 0 0 0 0 0 0 0
6.12323e-19 -0.01 0 0 0 0 0 0 0 0 0 0 0 0 0 0 0 0 0 0 0 0
6.12323e-19 -0.01 0 0 0 0 0 0 0 0 0 0 0 0 0 0 0 0 0 0 0 0
6.12323e-19 -0.01 0 0 0 0 0 0 0 0 0 0 0 0 0 0 0 0 0 0 0 0
6.12323e-19 -0.01 0 0 0 0 0 0 0 0 0 0 0 0 0 0 0 0 0 0 0 0
6.12323e-19 -0.01 0 0 0 0 0 0 0 0 0 0 0 0 0 0 0 0 0 0 0 0
6.12323e-19 -0.01 0 0 0 0 0 0 0 0 0 0 0 0 0 0 0 0 0 0 0 0
6.12323e-19 -0.01 0 0 0 0 0 0 0 0 0 0 0 0 0 0 0 0 0 0 0 0
6.12323e-19 -0.01 0 0 0 0 0 0 0 0 0 0 0 0 0 0 0 0 0 0 0 0
6.12323e-19 -0.01 0 0 0 0 0 0 0 0 0 0 0 0 0 0 0 0 0 0 0 0
